587	ENST00000442637.1	chr20	-	300976	328868	328868	328868	3	300976,303021,328743,	301425,303209,328868,	0	RP5-1103G7.4	none	none	-1,-1,-1,
587	ENST00000442637.1	chr20	-	300976	328868	328868	328868	3	300976,303021,328743,	301425,303209,328868,	0	RP5-1103G7.4	none	none	-1,-1,-1,
587	ENST00000544632.1	chr20	+	306206	309181	306568	307516	2	306206,306490,	306383,309181,	0	SOX12	cmpl	cmpl	-1,0,
587	NM_006943	chr20	+	306214	310872	306568	307516	1	306214,	310872,	0	SOX12	cmpl	cmpl	0,
0	uc002wdh.3	chr20	+	306238	310867	306568	307516	1	306238,	310867,	O15370	uc002wdh.3
587	ENST00000342665.2	chr20	+	306238	310865	306568	307516	1	306238,	310865,	0	SOX12	cmpl	cmpl	0,
587	ENST00000217233.3	chr20	+	361260	378203	368654	377334	4	361260,368654,371930,376841,	361813,368945,372223,378203,	0	TRIB3	cmpl	cmpl	-1,0,0,2,
587	ENST00000217233.3	chr20	+	361260	378203	368654	377334	4	361260,368654,371930,376841,	361813,368945,372223,378203,	0	TRIB3	cmpl	cmpl	-1,0,0,2,
0	uc002wdm.3	chr20	+	361307	378203	368654	377334	4	361307,368654,371930,376841,	361813,368945,372223,378203,	Q96RU7	uc002wdm.3
0	uc002wdm.3	chr20	+	361307	378203	368654	377334	4	361307,368654,371930,376841,	361813,368945,372223,378203,	Q96RU7	uc002wdm.3
